2
3
4
5
6
7
8
9
10
11
12
13
14
15
16
17
18
19
20
21
22
23
24
25
26
27
28
29
30
31
32
33
34
35
36
37
38
39
40
41
43
44
45
46
47
48
49
50
51
52
53
54
55
56
57
58
59
60
61
62
63
64
65
66
67
68
69
70
71
72
73
74
75
77
78
81
82
85
88
89
90
91
92
93
94
95
96
99
100
101
103
104
105
106
107
108
110
111
112
114
115
116
117
118
119
120
121
122
123
124
125
126
128
129
130
131
133
134
135
137
138
139
140
142
143
144
145
147
148
149
152
153
154
156
157
158
160
161
162
163
164
165
169
170
171
174
176
177
178
180
182
183
184
185
187
188
190
191
193
195
196
197
199
200
201
203
204
205
206
207
208
209
211
213
214
215
216
217
218
219
220
221
222
223
225
227
230
231
232
235
236
237
238
240
241
242
243
247
249
251
253
254
256
258
260
263
264
267
269
270
271
272
273
275
276
277
280
281
282
283
284
285
286
301
307
327
330
333
338
342
346
348
350
352
353
355
356
357
359
360
361
362
364
365
368
372
373
374
375
377
378
379
380
382
383
384
385
386
387
388
389
390
391
392
393
394
395
396
397
398
399
400
401
402
403
404
405
406
407
408
409
410
411
412
413
414
415
416
417
418
419
420
421
422
423
424
425
426
427
428
429
430
432
433
434
435
436
437
438
439
440
441
442
443
444
445
446
447
449
452
453
454
456
458
459
460
462
463
464
465
467
468
469
473
474
475
476
477
480
481
482
483
485
486
487
489
490
491
492
493
494
495
496
497
498
499
500
501
502
503
504
505
506
507
508
509
510
511
512
513
514
516
517
518
519
520
521
522
523
524
525
526
529
531
532
534
535
536
538
539
540
541
542
544
545
546
548
549
550
551
552
553
554
557
558
559
560
561
563
564
565
567
568
569
570
571
573
574
575
576
577
579
580
581
583
584
585
587
588
589
590
591
593
594
595
596
598
601
602
609
614
615
616
617
618
620
627
630
631
632
633
634
635
636
637
639
640
642
643
645
646
647
650
651
652
653
657
660
661
662
663
664
665
668
669
670
671
681
685
689
690
698
703
704
705
706
710
711
713
717
718
720
722
723
726
729
731
732
733
736
737
742
748
749
750
751
752
753
754
755
756
757
758
759
760
761
762
763
764
765
766
768
769
770
771
772
773
775
776
777
778
779
780
781
782
783
784
785
786
787
788
789
790
791
792
793
794
795
796
797
798
800
801
802
803
804
805
806
807
808
809
810
811
812
813
814
815
816
817
818
819
820
822
823
825
826
827
828
831
832
833
834
835
837
838
839
841
842
844
847
848
849
850
851
852
853
854
855
856
857
858
859
860
861
862
863
864
865
867
868
869
870
871
872
873
874
875
876
877
878
879
880
881
882
883
884
885
886
887
901
903
904
905
907
909
912
913
914
915
916
917
918
919
920
921
922
925
926
927
929
930
931
932
933
934
935
936
938
940
941
942
943
946
947
948
949
950
952
953
954
957
958
959
960
961
962
963
964
965
966
967
969
970
971
972
973
974
975
980
981
987
988
990
991
993
994
995
996
999
1000
1001
1003
1004
1009
1010
1013
1016
1017
1018
1019
1020
1021
1022
1023
1025
1026
1027
1029
1031
1032
1033
1035
1036
1037
1038
1039
1040
1041
1044
1050
1052
1054
1062
1063
1066
1069
1077
1079
1093
1094
1095
1096
1102
1103
1107
1108
1110
1111
1112
1113
1114
1116
1118
1121
1122
1123
1124
1125
1126
1127
1128
1129
1131
1132
1133
1134
1135
1136
1137
1138
1139
1140
1141
1142
1143
1144
1145
1146
1147
1148
1149
1150
1151
1153
1154
1155
1156
1157
1159
1161
1162
1164
1165
1166
1167
1168
1169
1170
1171
1172
1173
1174
1175
1176
1177
1178
1179
1180
1181
1182
1183
1184
1185
1186
1187
1188
1189
1190
1200
1201
1204
1205
1206
1207
1208
1209
1210
1212
1213
1214
1215
1216
1217
1218
1219
1220
1221
1222
1224
1226
1227
1228
1229
1230
1231
1232
1233
1235
1237
1239
1240
1241
1242
1243
1244
1245
1246
1247
1248
1249
1250
1251
1252
1253
1254
1255
1257
1258
1259
1260
1261
1262
1263
1264
1265
1266
1268
1269
1270
1271
1273
1274
1277
1278
1280
1282
1284
1287
1288
1289
1291
1292
1295
1300
1301
1302
1303
1306
1308
1309
1310
1311
1312
1313
1314
1318
1319
1320
1321
1322
1323
1324
1325
1326
1327
1328
1329
1330
1331
1333
1335
1336
1337
1338
1339
1340
1342
1344
1345
1346
1347
1348
1350
1359
1361
1363
1364
1366
1369
1371
1376
1377
1382
1383
1386
1387
1389
1390
1392
1393
1394
1395
1400
1402
1404
1405
1406
1407
1408
1409
1410
1411
1412
1413
1415
1416
1419
1420
1421
1425
1428
1439
1440
1446
1447
1451
1452
1453
1456
1459
1464
1465
1467
1468
1469
1470
1471
1473
1474
1475
1476
1479
1484
1485
1486
1489
1500
1501
1504
1505
1507
1508
1509
1510
1511
1512
1513
1514
1515
1516
1517
1518
1519
1520
1521
1522
1523
1524
1526
1527
1528
1529
1530
1531
1532
1533
1534
1535
1536
1537
1538
1539
1540
1541
1542
1543
1544
1545
1546
1547
1548
1549
1550
1551
1552
1553
1554
1555
1556
1557
1558
1559
1560
1561
1562
1563
1565
1566
1567
1568
1569
1570
1571
1572
1573
1575
1577
1578
1579
1580
1585
1587
1589
1590
1591
1592
1593
1594
1595
1596
1597
1598
1599
1600
1602
1603
1604
1605
1606
1609
1610
1611
1612
1613
1614
1615
1616
1617
1618
1619
1621
1622
1623
1624
1625
1626
1627
1628
1629
1630
1631
1632
1633
1634
1635
1637
1638
1640
1641
1642
1643
1644
1645
1646
1647
1649
1653
1654
1655
1657
1660
1661
1664
1666
1667
1668
1669
1670
1671
1672
1673
1674
1675
1676
1677
1678
1679
1682
1683
1700
1701
1702
1703
1704
1706
1707
1708
1709
1710
1711
1713
1715
1717
1718
1719
1720
1723
1727
1730
1731
1736
1738
1740
1741
1742
1744
1748
1752
1755
1757
1758
1759
1761
1763
1764
1765
1767
1768
1769
1770
1771
1772
1773
1774
1776
1777
1778
1781
1783
1804
1812
1813
1814
1820
1821
1826
1829
1830
1832
1833
1838
1842
1843
1844
1845
1847
1848
1849
1850
1852
1853
1854
1855
1856
1857
1858
1861
1862
1863
1866
1867
1868
1869
1870
1873
1874
1876
1877
1900
1901
1902
1903
1905
1908
1909
1910
1911
1912
1913
1914
1915
1917
1918
1919
1920
1921
1922
1924
1925
1928
1929
1930
1933
1934
1935
1936
1937
1940
1944
1945
1946
1947
1948
1949
1950
1951
1952
1953
1954
1955
1957
1958
1959
1960
1962
1963