1338
677
1948
474
395
1764
732
559
1691
1311
1840
197
1386
1998
572
987
1361
586
484
1943
863
342
1395
1733
349
1
1547
1085
636
1638
1350
1273
1688
527
1192
1180
1406
1106
1037
765
369
1290
1824
968
763
1911
1376
993
1449
1005
1105
625
588
461
1431
895
1189
1680
1550
1099
978
976
1731
846
967
825
1065
357
1050
436
1185
882
1732
1992
1848
302
1034
1411
1870
834
1758
670
1045
1885
728
1360
554
989
502
1637
410
659
1684
1260
601
710
1503
693
1131
672
1252
1722
16
937
1388
1554
1317
1500
1402
1280
1557
561
1889
767
725
883
951
575
999
1291
492
1125
1414
733
1032
1468
336
1133
1555
875
322
364
992
1073
1647
662
1337
981
982
1339
577
1705
994
374
1415
1331
1673
533
1033
392
995
1275
591
635
363
491
1489
1933
567
1412
1391
975
1720
1425
1088
338
339
1866
615
384
1348
1704
485
1484
1894
970
798
535
1571
919
898
414
1285
610
935
54
820
923
879
1580
772
574
1719
12
1937
326
1351
921
328
319
1259
959
675
151
315
1748
1024
340
1997
1661
1282
1394
1116
489
942
933
1334
1884
630
1929
946
1358
9
1107
348
877
1662
1531
1645
332
1283
1513
1844
1827
1462
717
1344
1031
855
1155
1559
809
902
8
1178
11
1511
1355
931
1054
1313
1279
0
1524
1407
476
15
1268
1060
386
1246
1068
608
642
1265
1137
1882
1613
833
1659
839
1640
1450
1076
1516
1272
965
605
1084
1345
1636
578
1079
1214
1631
468
1012
1650
1572
1439
884
689
1900
1626
683
1236
444
1330
1371
1213
1457
1210
1592
1271
1742
440
1397
1211
624
1700
986
1420
435
1522
699
1249
350
3
1746
547
1459
536
960
1766
755
766
1514
290
138
1648
1375
837
411
324
1421
928
1428
1393
486
1109
1938
843
638
754
835
1755
712
771
740
1570
510
1903
316
472
1907
75
1363
1483
1426
325
1148
927
864
655
381
521
778
865
214
1652
451
1737
426
848
1150
1681
1617
1699
1558
1760
437
686
544
1750
1849
1912
639
1357
692
150
1470
1427
922
892
1895
1130
454
506
1908
1277
1455
1162
1062
501
1015
552
1627
918
1832
1323
1634
1541
1490
1356
1837
854
1747
1102
1985
1975
722
1818
1918
565
1696
1383
793
74
1186
1887
768
1188
447
1863
1098
1578
321
698
1693
1573
827
1993
1771
1507
1461
1479
745
1087
1237
1928
632
1255
991
1432
650
1029
563
419
1964
1785
1129
711
607
979
31
1181
756
1022
695
351
1377
389
313
1467
1706
1603
997
1242
1443
1939
1543
724
807
1518
1353
853
377
1519
1549
1567
1126
1437
1409
1787
887
226
1174
512
1362
917
770
56
1301
866
1922
1329
1077
1007
1881
1880
1857
811
460
758
1769
860
1182
1776
1725
896
1392
530
459
1004
1447
1209
497
964
543
808
518
806
556
974
1199
1759
777
1726
1674
1624
1761
961
495
548
1152
331
1532
914
1949
471
1471
1906
633
938
73
1121
704
225
1991
1980
872
1538
1734
1740
1179
1921
784
594
1535
715
1714
1227
665
499
1333
1448
915
1006
1897
671
792
1166
1608
1067
656
1655
1081
1915
1773
952
1250
1315
1061
950
1598
167
1981
1261
729
1042
1694
612
453
1244
660
1469
905
1651
35
1675
473
1947
983
1452
629
681
1510
663
488
441
718
726
1669
549
1233
1945
1959
1576
694
1153
383
1892
1222
868
1779
1713
1886
1601
1270
1138
857
1763
1579
1366
21
1791
705
1899
1041
1216
1583
1481
823
1430
1274
1836
1695
1739
1010
1862
1365
1231
18
909
467
1979
622
1454
654
1494
1545
534
783
688
1229
57
1258
1878
570
1718
1297
1485
1247
925
1529
886
520
828
1332
1560
880
449
817
300
317
1091
1198
1396
1610
716
1861
1972
1797
1144
962
475
433
24
1629
775
727
1678
1440
1379
1403
1521
1020
1201
1855
1786
1987
1639
19
1078
1499
1597
1986
1888
463
1530
1533
644
438
753
851
1451
1327
1108
448
1804
1055
1701
1712
1335
1783
1805
1952
1225
1910
1546
1096
1816
382
1159
409
1542
462
812
219
17
1404
1212
1016
743
1314
1359
1656
1342
523
1509
719
818
1308
443
1822
746
1474
1184
1831
813
1602
33
1052
602
227
228
1588
647
913
903
1183
1853
415
1438
1775
50
1208
149
43
849
1859
1168
1877
59
1644
1136
1667
888
1873
1326
1856
1207
1296
526
956
819
1803
1019
1616
30
1999
1523
1735
431
1038
1232
926
1813
1920
1707
37
1018
1239
1325
750
1429
1838
873
1957
1965
1851
481
1743
1990
1418
1988
980
1767
1792
1556
1294
500
1548
589
63
1891
651
452
1744
36
1228
39
797
479
1112
1364
1269
1293
1806
869
1802
413
1586
1845
1753
1422
836
55
514
646
1782
1354
1780
1413
684
1506
1976
580
1298
1826
1400
1295
1839
1951
939
1625
1230
48
69
1738
420
1970
1319
1728
1310
844
1875
1821
1756
862
1196
470
1266
1444
1762
1257
614
1811
1670
568
1238
1299
1017
40
1381
894
1858
1672
1217
457
581
505
1278
1852
998
1140
1508
1009
1788
1206
1075
1973
1561
442
1898
1224
1941
1027
1660
1923
907
1930
762
627
1960
901
1157
38
734
469
416
1777
721
1969
1013
1336
1825
634
889
1784
41
61
1641
814
1223
1901
434
741
58
1653
1082
1730
723
1117
1582
1090
1478
1736
1145
1095
595
60
1868
1754
1368
1536
1927
424
757
1026
1860
1685
1161
1974
929
1686
44
64
668
95
72
1924
1551
1745
1609
600
1552
20
738
1341
1913
1318
1340
781
1056
1781
1525
932
604
1635
1850
1807
508
1528
1378
1654
1874
1047
1812
1917
1143
1751
1914
1749
1932
1793
1925
25
1044
1320
1689
503
1100
596
1369
621
159
1035
1304
1417
801
628
1520
1497
1287
1023
876
1632
1896
1883
1512
990
70
49
759
678
597
1486
1649
545
747
68
450
1715
1254
973
1916
1172
661
744
1815
524
522
871
22
706
1994
1436
619
824
1752
1833
1000
1577
1835
700
963
1071
23
28
1466
584
45
62
1562
617
66
1794
1267
616
682
1416
1698
1316
1809
1200
1971
1517
1942
804
1664
1253
874
42
1819
51
1893
1527
52
1405
152
157
1867
26
47
29
930
46
529
71
1671
1352
736
76
27
32
229
878
144
1149
232
175
234
154
233
161
164
238
84
139
160
78
210
77
155
80
207
231
237
81
153
240
88
163
156
235
162
158
236
86
